0.860245 0.0907444 
0.858786 0.0921418 
0.85716 0.0937092 
0.855318 0.0954975 
0.853234 0.0975377 
0.850879 0.0998638 
0.848173 0.102565 
0.845062 0.105705 
0.84149 0.109357 
0.837312 0.113688 
0.832423 0.118839 
0.826703 0.124976 
0.819886 0.132438 
0.811755 0.141545 
0.802063 0.15268 
0.790314 0.166563 
0.776101 0.183885 
0.759012 0.205411 
0.73829 0.232415 
0.713545 0.265751 
0.68472 0.305728 
0.65172 0.352463 
0.615715 0.403855 
0.5788 0.456027 
0.542992 0.505071 
0.510942 0.546538 
0.484437 0.577881 
0.463603 0.599222 
0.447999 0.611702 
0.436473 0.617397 
0.427598 0.618405 
0.420401 0.616178 
0.414197 0.611498 
0.408452 0.604219 
0.402879 0.593404 
0.397214 0.577336 
0.391068 0.553291 
0.384156 0.51866 
0.376309 0.472094 
0.367422 0.413956 
0.357782 0.348991 
0.347904 0.284661 
0.3382 0.226909 
0.329205 0.179943 
0.32129 0.144425 
0.314513 0.118357 
0.308932 0.0997728 
0.304481 0.0867022 
0.300963 0.077403 
0.29825 0.0708135 
0.296196 0.0661477 
0.29464 0.0627898 
0.29348 0.0603819 
0.292626 0.0586595 
0.291993 0.0574102 
0.291529 0.0565092 
0.291192 0.0558621 
0.290946 0.0553912 
0.290767 0.0550507 
0.290638 0.0548055 
0.290544 0.0546264 
0.61517 0.0639647 
0.68692 0.0689654 
0.74638 0.0713307 
0.786932 0.0685144 
0.809766 0.0600469 
0.819736 0.0477162 
0.821024 0.034433 
0.816592 0.0225979 
0.807894 0.0133192 
0.795386 0.00696456 
0.778851 0.00318015 
0.757171 0.00122309 
0.729019 0.000385736 
0.692872 9.75266e-05 
0.646554 1.8983e-05 
0.589379 2.85997e-06 
0.523181 3.51584e-07 
0.452029 3.79542e-08 
0.384015 4.26653e-09 
0.32685 6.06605e-10 
0.283653 1.23419e-10 
0.254444 3.86488e-11 
0.236449 1.80753e-11 
0.226049 1.14306e-11 
0.22048 8.88217e-12 
0.217691 7.81168e-12 
0.216362 7.34478e-12 
0.215775 7.1521e-12 
0.215544 7.0889e-12 
0.215481 7.09185e-12 
0.215517 7.13666e-12 
0.215645 7.2167e-12 
0.215914 7.33771e-12 
0.216416 7.51223e-12 
0.217292 7.75983e-12 
0.218759 8.1156e-12 
0.221097 8.62683e-12 
0.224659 9.36301e-12 
0.229985 1.04519e-11 
0.237717 1.20894e-11 
0.248642 1.4608e-11 
0.264013 1.86875e-11 
0.285195 2.56049e-11 
0.313689 3.79848e-11 
0.351618 6.21147e-11 
0.400232 1.12984e-10 
0.45926 2.29108e-10 
0.527187 5.22414e-10 
0.598614 1.32311e-09 
0.66628 3.63595e-09 
0.724747 1.07143e-08 
0.76994 3.27429e-08 
0.800983 1.0033e-07 
0.819281 3.05335e-07 
0.82608 9.00799e-07 
0.822544 2.53035e-06 
0.809163 6.80176e-06 
0.786064 1.7308e-05 
0.753611 4.13697e-05 
0.712048 9.37087e-05 
0.476764 0.503566 
0.48823 0.514286 
0.499549 0.525255 
0.510586 0.536413 
0.521211 0.547695 
0.531491 0.559232 
0.541301 0.570948 
0.55053 0.582754 
0.55924 0.594765 
0.567331 0.606876 
0.574723 0.618971 
0.581476 0.631144 
0.587523 0.64326 
0.592822 0.655183 
0.597432 0.666981 
0.601322 0.678507 
0.604488 0.689615 
0.606984 0.700361 
0.608816 0.7106 
0.610011 0.720203 
0.610619 0.729219 
0.610674 0.737526 
0.610226 0.745029 
0.60932 0.75177 
0.608008 0.757664 
0.606356 0.762651 
0.604397 0.766765 
0.602196 0.769952 
0.59982 0.772185 
0.597292 0.773479 
0.594676 0.773808 
0.592033 0.773173 
0.589376 0.771562 
0.586759 0.768974 
0.584233 0.765437 
0.581797 0.760914 
0.579496 0.755433 
0.577364 0.749053 
0.575393 0.741718 
0.573613 0.733496 
0.572044 0.724483 
0.570674 0.714617 
0.569518 0.704007 
0.568583 0.692788 
0.567857 0.6809 
0.567343 0.668487 
0.567036 0.655715 
0.566926 0.642518 
0.567005 0.629063 
0.567261 0.615523 
0.567685 0.601821 
0.568264 0.588125 
0.568978 0.574593 
0.569822 0.561134 
0.570777 0.547897 
0.571821 0.535016 
0.572952 0.522387 
0.574149 0.510132 
0.575389 0.498358 
0.576673 0.486955 
0.534726 0.772249 
0.532872 0.784724 
0.531039 0.796622 
0.529244 0.807843 
0.5275 0.818314 
0.525789 0.828157 
0.524127 0.837314 
0.522526 0.845747 
0.520972 0.853577 
0.519479 0.860772 
0.518057 0.867323 
0.516695 0.873335 
0.515403 0.878796 
0.514194 0.883709 
0.513054 0.888162 
0.511995 0.892151 
0.511024 0.895684 
0.510132 0.898829 
0.509327 0.901586 
0.508614 0.903964 
0.507986 0.906009 
0.507449 0.907725 
0.507005 0.909118 
0.506649 0.910218 
0.506386 0.911025 
0.506214 0.911545 
0.506133 0.911792 
0.506141 0.911766 
0.506239 0.91147 
0.506426 0.910903 
0.5067 0.910063 
0.507057 0.908954 
0.507501 0.907558 
0.508028 0.905873 
0.508632 0.903902 
0.509319 0.901612 
0.510082 0.899002 
0.510915 0.896074 
0.511825 0.892779 
0.512804 0.889115 
0.513845 0.885089 
0.514956 0.880633 
0.51613 0.875749 
0.517356 0.870447 
0.518646 0.864643 
0.51999 0.858344 
0.521377 0.85157 
0.522821 0.844218 
0.524312 0.836307 
0.525839 0.827872 
0.527417 0.818796 
0.529035 0.809116 
0.530681 0.798888 
0.532375 0.787985 
0.534104 0.776471 
0.535858 0.764427 
0.537656 0.751724 
0.539488 0.738454 
0.541343 0.72473 
0.543242 0.710423 
0.68044 0.199088 
0.68266 0.204975 
0.684903 0.211356 
0.687152 0.218171 
0.689391 0.225345 
0.691645 0.232929 
0.693898 0.240844 
0.696135 0.248995 
0.698383 0.257437 
0.700628 0.26607 
0.702858 0.274791 
0.7051 0.283651 
0.707344 0.292544 
0.709579 0.301361 
0.711837 0.310154 
0.714109 0.318814 
0.716389 0.327239 
0.71871 0.335477 
0.721066 0.343426 
0.723452 0.350993 
0.725907 0.358222 
0.728427 0.365023 
0.731006 0.371315 
0.733687 0.377133 
0.736467 0.382399 
0.739338 0.387049 
0.742346 0.391104 
0.745485 0.394499 
0.748743 0.397189 
0.752166 0.399175 
0.75574 0.400413 
0.759443 0.400876 
0.763317 0.400552 
0.767334 0.399418 
0.771454 0.39748 
0.775709 0.394711 
0.78005 0.391128 
0.784417 0.386777 
0.788823 0.381634 
0.793194 0.375765 
0.797452 0.369269 
0.801587 0.362137 
0.80551 0.354494 
0.809131 0.346487 
0.812426 0.338132 
0.815303 0.329597 
0.817685 0.321057 
0.819541 0.31254 
0.820801 0.304223 
0.821422 0.296275 
0.821377 0.288714 
0.820638 0.281693 
0.819206 0.275343 
0.817065 0.269666 
0.814231 0.264771 
0.810744 0.260731 
0.806578 0.257533 
0.801753 0.255214 
0.796279 0.253758 
0.790004 0.253067 
0.117061 0.159162 
0.116431 0.163037 
0.115841 0.166757 
0.115289 0.170294 
0.114775 0.173631 
0.114287 0.17681 
0.113828 0.179814 
0.113396 0.182634 
0.112985 0.185309 
0.112597 0.18783 
0.112232 0.19019 
0.111884 0.192425 
0.111555 0.194529 
0.111247 0.196498 
0.110953 0.198362 
0.110675 0.200117 
0.110414 0.20176 
0.110167 0.203317 
0.109933 0.204786 
0.109714 0.206163 
0.109506 0.20747 
0.109309 0.208705 
0.109125 0.209866 
0.108951 0.21097 
0.108786 0.212016 
0.108632 0.213002 
0.108485 0.213942 
0.108347 0.214835 
0.108218 0.215679 
0.108095 0.216486