0.774606 0.0469497 
0.788415 0.0484381 
0.801795 0.0502072 
0.814661 0.0523481 
0.826675 0.0549406 
0.837517 0.0580779 
0.847072 0.0619424 
0.855036 0.0667026 
0.861157 0.0725553 
0.865295 0.0798672 
0.867183 0.0889783 
0.866584 0.100266 
0.863204 0.1144 
0.856695 0.131917 
0.846732 0.153291 
0.832769 0.179311 
0.814457 0.210182 
0.791666 0.245604 
0.764081 0.285386 
0.732154 0.32809 
0.696886 0.371681 
0.659056 0.414632 
0.620381 0.454666 
0.582678 0.489917 
0.546926 0.519667 
0.514457 0.543088 
0.486112 0.559963 
0.461824 0.570707 
0.441714 0.575637 
0.425565 0.575351 
0.41272 0.570509 
0.402739 0.561815 
0.395073 0.550088 
0.389041 0.53591 
0.384125 0.520025 
0.379817 0.503118 
0.37559 0.485408 
0.371073 0.467199 
0.36601 0.448512 
0.360202 0.428644 
0.353732 0.406736 
0.346923 0.381401 
0.340148 0.350213 
0.333853 0.310893 
0.327779 0.261983 
0.31946 0.203587 
0.30215 0.141274 
0.264092 0.0850442 
0.19776 0.0431693 
0.12562 0.0183373 
0.0834369 0.006552 
0.075173 0.00199689 
0.0930341 0.000562364 
0.134135 0.000162591 
0.196511 5.17311e-05 
0.271863 1.92296e-05 
0.348054 8.53816e-06 
0.416702 4.44953e-06 
0.473158 2.6778e-06 
0.517072 1.81688e-06 
0.550738 1.34949e-06 
0.746704 2.09489e-07 
0.757478 1.87121e-07 
0.768517 1.66669e-07 
0.779438 1.4886e-07 
0.789792 1.34323e-07 
0.799251 1.23462e-07 
0.807224 1.17143e-07 
0.813068 1.16658e-07 
0.816099 1.24634e-07 
0.81527 1.47055e-07 
0.809208 1.98401e-07 
0.795729 3.21391e-07 
0.771755 6.56098e-07 
0.733508 1.74727e-06 
0.676692 6.1936e-06 
0.601195 2.75395e-05 
0.514924 0.00013382 
0.430686 0.000611507 
0.36115 0.0022488 
0.310739 0.00616045 
0.276564 0.0127878 
0.25453 0.0210184 
0.240658 0.0290856 
0.231854 0.0359252 
0.226281 0.0411427 
0.22273 0.0448803 
0.220404 0.0475096 
0.218868 0.0493214 
0.21785 0.0505582 
0.217181 0.0514119 
0.216784 0.0519943 
0.216633 0.0523838 
0.216745 0.0526368 
0.21718 0.0527833 
0.218039 0.0528427 
0.219496 0.0528256 
0.221786 0.052734 
0.225228 0.0525654 
0.230348 0.0523085 
0.237812 0.0519494 
0.248494 0.0514713 
0.263821 0.0508441 
0.285467 0.0500429 
0.315369 0.049048 
0.356187 0.047828 
0.409493 0.0463842 
0.474579 0.0447465 
0.548395 0.0429433 
0.62303 0.0410571 
0.689438 0.0391841 
0.742315 0.037379 
0.779257 0.0357082 
0.80123 0.0342057 
0.810586 0.0328535 
0.808999 0.0316454 
0.797767 0.0305661 
0.777414 0.0295829 
0.748433 0.0286876 
0.711689 0.0278759 
0.667847 0.0271341 
0.500654 0.477312 
0.511117 0.500841 
0.521228 0.523739 
0.530892 0.54572 
0.540029 0.56655 
0.548731 0.586391 
0.556922 0.605052 
0.564544 0.62239 
0.57168 0.638597 
0.578274 0.65356 
0.584288 0.667214 
0.589792 0.679747 
0.59475 0.691104 
0.599139 0.701267 
0.603017 0.710399 
0.606364 0.71848 
0.609171 0.725517 
0.611482 0.731638 
0.613292 0.736841 
0.614604 0.741144 
0.615451 0.74464 
0.615837 0.747335 
0.615781 0.749256 
0.6153 0.750456 
0.614414 0.750953 
0.61315 0.750777 
0.611516 0.749951 
0.609542 0.748499 
0.607266 0.746458 
0.604687 0.743826 
0.601843 0.740635 
0.598781 0.73693 
0.595492 0.732687 
0.592022 0.727949 
0.588422 0.72277 
0.584678 0.717111 
0.580838 0.711023 
0.576956 0.704571 
0.573012 0.697701 
0.569057 0.690477 
0.56514 0.68297 
0.561239 0.675116 
0.5574 0.666986 
0.553669 0.658659 
0.55002 0.650062 
0.546496 0.641272 
0.543132 0.632371 
0.539905 0.623278 
0.536847 0.614073 
0.533988 0.60484 
0.531302 0.595493 
0.528817 0.586112 
0.526551 0.576778 
0.524482 0.567403 
0.522628 0.558065 
0.521001 0.548842 
0.519581 0.539644 
0.518379 0.530545 
0.517399 0.521619 
0.516625 0.512775 
0.559637 0.660738 
0.556076 0.680187 
0.552197 0.69977 
0.548024 0.719218 
0.543595 0.738266 
0.538867 0.756991 
0.533881 0.775135 
0.528688 0.792466 
0.52325 0.809076 
0.517625 0.824765 
0.51188 0.839375 
0.505981 0.85303 
0.500003 0.865611 
0.494026 0.877045 
0.488025 0.887481 
0.482086 0.896874 
0.476295 0.905216 
0.470635 0.912656 
0.465194 0.919195 
0.460056 0.924859 
0.455209 0.929773 
0.450733 0.933957 
0.446697 0.937445 
0.443093 0.940326 
0.439981 0.942618 
0.437406 0.944348 
0.43536 0.945565 
0.433876 0.946279 
0.43297 0.946504 
0.432632 0.94625 
0.432865 0.945516 
0.433652 0.944306 
0.434985 0.942593 
0.436836 0.940368 
0.439161 0.937628 
0.441952 0.934317 
0.445157 0.930424 
0.448714 0.92595 
0.452618 0.920816 
0.456804 0.915022 
0.461197 0.908591 
0.465803 0.90143 
0.470552 0.89357 
0.47537 0.885066 
0.480273 0.875831 
0.485195 0.865936 
0.490071 0.855481 
0.494931 0.844388 
0.499716 0.832773 
0.504377 0.820775 
0.50895 0.808321 
0.513392 0.795559 
0.517667 0.782647 
0.521818 0.769507 
0.525813 0.756295 
0.529628 0.743163 
0.53331 0.73002 
0.536838 0.717007 
0.540197 0.704253 
0.543433 0.69165 
0.749441 0.228391 
0.748334 0.230706 
0.74684 0.233565 
0.744994 0.236939 
0.742849 0.240786 
0.740417 0.245126 
0.737756 0.249909 
0.734934 0.255067 
0.73197 0.260623 
0.728935 0.266503 
0.72591 0.272621 
0.722917 0.278999 
0.720038 0.285549 
0.717354 0.292173 
0.714893 0.298896 
0.712735 0.305622 
0.71095 0.312253 
0.70957 0.318817 
0.708659 0.32522 
0.708264 0.331376 
0.708417 0.337311 
0.709154 0.342943 
0.710484 0.348199 
0.712434 0.353105 
0.714997 0.357591 
0.718139 0.361603 
0.721873 0.36516 
0.726146 0.36821 
0.730878 0.370715 
0.736069 0.372686 
0.741624 0.374089 
0.747434 0.374909 
0.753493 0.375145 
0.759689 0.374786 
0.76591 0.373841 
0.772159 0.372303 
0.778337 0.370187 
0.784351 0.367527 
0.790226 0.364316 
0.795888 0.360596 
0.801274 0.356428 
0.806422 0.351804 
0.811277 0.346791 
0.815791 0.341475 
0.819993 0.335842 
0.823825 0.329982 
0.82723 0.323988 
0.830196 0.317848 
0.832636 0.311657 
0.834455 0.305512 
0.835569 0.299396 
0.835831 0.293404 
0.835085 0.287625 
0.833122 0.282041 
0.829704 0.276735 
0.824583 0.271781 
0.817364 0.267157 
0.807689 0.262924 
0.795219 0.259127 
0.77936 0.25573 
0.129087 0.225224 
0.126618 0.22453 
0.1244 0.223853 
0.122413 0.223196 
0.120639 0.222563 
0.119032 0.221947 
0.117582 0.221352 
0.116278 0.220781 
0.115088 0.220226 
0.114007 0.21969 
0.113028 0.219177 
0.11213 0.218679 
0.111309 0.2182 
0.110562 0.21774 
0.109872 0.217295 
0.109237 0.216866 
0.108657 0.216455 
0.108119 0.216057 
0.107621 0.215673 
0.107164 0.215305 
0.106738 0.214949 
0.106343 0.214605 
0.105979 0.214276 
0.105637 0.213957 
0.105319 0.213649 
0.105025 0.213353 
0.104748 0.213066 
0.10449 0.21279 
0.10425 0.212524 
0.104023 0.212266