0.389442 0.401991 
0.389446 0.40201 
0.389451 0.40203 
0.389457 0.402052 
0.389463 0.402076 
0.389469 0.402102 
0.389477 0.40213 
0.389485 0.402161 
0.389493 0.402194 
0.389503 0.402229 
0.389513 0.402267 
0.389525 0.402306 
0.389538 0.402349 
0.389552 0.402393 
0.389567 0.402439 
0.389584 0.402485 
0.389602 0.402531 
0.389623 0.402575 
0.389645 0.402616 
0.38967 0.402649 
0.389696 0.402671 
0.389726 0.402676 
0.389759 0.402657 
0.389794 0.402603 
0.389833 0.402499 
0.389876 0.402328 
0.389923 0.402065 
0.389974 0.401674 
0.390029 0.401111 
0.39009 0.400321 
0.390155 0.399215 
0.390226 0.397691 
0.390301 0.395622 
0.390382 0.392799 
0.390467 0.388986 
0.390555 0.383898 
0.390647 0.377056 
0.390739 0.367949 
0.390829 0.355979 
0.390913 0.340171 
0.390985 0.319617 
0.391037 0.293465 
0.39106 0.260538 
0.391037 0.220704 
0.390953 0.17528 
0.390779 0.126821 
0.390487 0.0809561 
0.390038 0.0440174 
0.389381 0.0193815 
0.388461 0.00662396 
0.387227 0.00169133 
0.385604 0.000302512 
0.383546 3.65488e-05 
0.38104 2.9468e-06 
0.378064 1.53726e-07 
0.37469 5.47142e-09 
0.371057 1.4793e-10 
0.367286 3.30023e-12 
0.363595 7.23301e-14 
0.3602 1.86055e-15 
0.357231 6.14831e-17 
0.78235 2.05247e-20 
0.787491 2.37326e-20 
0.792157 2.74194e-20 
0.796236 3.16822e-20 
0.799582 3.66773e-20 
0.802045 4.27845e-20 
0.803307 5.05381e-20 
0.802939 6.08807e-20 
0.80028 7.58376e-20 
0.794358 9.91398e-20 
0.783833 1.38493e-19 
0.76659 2.12598e-19 
0.740037 3.66822e-19 
0.701457 7.20958e-19 
0.648116 1.62911e-18 
0.580718 4.11177e-18 
0.50501 1.09203e-17 
0.429267 2.8768e-17 
0.362847 6.98268e-17 
0.310682 1.48539e-16 
0.272237 2.74764e-16 
0.245476 4.42769e-16 
0.227536 6.3317e-16 
0.215656 8.26916e-16 
0.208033 1.00674e-15 
0.203317 1.16369e-15 
0.200516 1.29819e-15 
0.199037 1.41162e-15 
0.198465 1.5076e-15 
0.198532 1.59185e-15 
0.199092 1.66836e-15 
0.200065 1.74131e-15 
0.201456 1.81648e-15 
0.203315 1.89919e-15 
0.205739 1.99621e-15 
0.208938 2.11896e-15 
0.213161 2.28219e-15 
0.218742 2.50821e-15 
0.22625 2.83908e-15 
0.236345 3.34298e-15 
0.249851 4.14369e-15 
0.268128 5.51152e-15 
0.292618 8.01909e-15 
0.324858 1.30288e-14 
0.366961 2.44214e-14 
0.41983 5.41966e-14 
0.482422 1.45424e-13 
0.552108 4.88786e-13 
0.622321 2.07989e-12 
0.685406 1.11373e-11 
0.736425 7.5859e-11 
0.77239 6.34101e-10 
0.793368 6.12882e-09 
0.801113 6.59954e-08 
0.797311 7.20709e-07 
0.783999 7.21188e-06 
0.763186 6.26233e-05 
0.737494 0.000436051 
0.709851 0.0023187 
0.682413 0.00946473 
0.550981 0.608271 
0.553112 0.616447 
0.55531 0.624823 
0.557556 0.633321 
0.559832 0.641858 
0.562159 0.650507 
0.564516 0.659182 
0.566883 0.667798 
0.569281 0.676422 
0.571688 0.684968 
0.574079 0.693348 
0.576476 0.701627 
0.578853 0.709715 
0.581185 0.71753 
0.58349 0.725126 
0.58574 0.73242 
0.587909 0.739332 
0.590008 0.745907 
0.59201 0.752064 
0.593887 0.757734 
0.595645 0.762944 
0.597253 0.76762 
0.598685 0.7717 
0.599939 0.77519 
0.600985 0.778022 
0.6018 0.780141 
0.602374 0.781526 
0.602681 0.782115 
0.602706 0.781864 
0.602431 0.780718 
0.601842 0.778627 
0.600936 0.775563 
0.599695 0.771444 
0.598123 0.766247 
0.596237 0.759982 
0.594024 0.752557 
0.591512 0.744007 
0.588743 0.734416 
0.585714 0.723719 
0.582479 0.712049 
0.579099 0.699594 
0.575581 0.686345 
0.571994 0.672543 
0.56841 0.658465 
0.564833 0.644146 
0.561334 0.62988 
0.557975 0.615955 
0.554754 0.602395 
0.551723 0.589453 
0.548926 0.577345 
0.546347 0.566035 
0.544018 0.555679 
0.541956 0.546381 
0.540139 0.538052 
0.538577 0.530749 
0.537271 0.524486 
0.536193 0.519151 
0.535342 0.514735 
0.534704 0.511199 
0.534258 0.508438 
0.561288 0.677475 
0.559834 0.686305 
0.558142 0.695867 
0.556204 0.706124 
0.554015 0.717012 
0.551532 0.728648 
0.548752 0.740937 
0.54568 0.753744 
0.542266 0.767148 
0.538522 0.780971 
0.534468 0.795002 
0.530058 0.809262 
0.525322 0.823504 
0.52031 0.837469 
0.514984 0.85115 
0.509409 0.864291 
0.503664 0.876667 
0.497733 0.888298 
0.491714 0.899006 
0.485714 0.908669 
0.479741 0.917368 
0.473915 0.925037 
0.468354 0.931658 
0.463079 0.937351 
0.458206 0.942124 
0.45384 0.946013 
0.449996 0.949123 
0.446761 0.951481 
0.444196 0.953127 
0.442302 0.954117 
0.441117 0.954462 
0.440646 0.954182 
0.440875 0.953272 
0.441787 0.951722 
0.443338 0.949526 
0.445505 0.946628 
0.448227 0.943002 
0.451426 0.938634 
0.455079 0.93343 
0.459103 0.927374 
0.463404 0.920476 
0.46797 0.912633 
0.472713 0.903877 
0.477542 0.894281 
0.482464 0.883763 
0.487398 0.872436 
0.492272 0.86045 
0.497108 0.847761 
0.501844 0.834551 
0.506427 0.821029 
0.510894 0.807162 
0.515201 0.793162 
0.519314 0.779242 
0.523278 0.76535 
0.527064 0.751675 
0.530653 0.73839 
0.534092 0.725406 
0.537364 0.712866 
0.54046 0.700883 
0.543425 0.689341 
0.703809 0.384095 
0.706754 0.380522 
0.709687 0.376969 
0.712586 0.373458 
0.715435 0.370012 
0.718265 0.36659 
0.721059 0.363214 
0.723798 0.359906 
0.726515 0.356626 
0.729192 0.353395 
0.731812 0.350233 
0.734407 0.347101 
0.73696 0.344021 
0.739455 0.34101 
0.741923 0.338033 
0.744347 0.335107 
0.746713 0.332251 
0.749049 0.32943 
0.751342 0.326661 
0.753578 0.32396 
0.755783 0.321295 
0.757944 0.318683 
0.760049 0.316137 
0.762124 0.313627 
0.764155 0.311168 
0.766132 0.308774 
0.768079 0.306416 
0.769983 0.304108 
0.771835 0.301863 
0.773656 0.299653 
0.775437 0.297491 
0.777168 0.295389 
0.778869 0.293322 
0.780532 0.291301 
0.782146 0.289337 
0.783732 0.287407 
0.785281 0.285521 
0.786784 0.283689 
0.788261 0.28189 
0.789702 0.280132 
0.7911 0.278427 
0.792472 0.276751 
0.793811 0.275116 
0.795109 0.273529 
0.796383 0.271972 
0.797626 0.270452 
0.79883 0.268978 
0.800012 0.267531 
0.801164 0.26612 
0.80228 0.264751 
0.803375 0.263409 
0.804442 0.2621 
0.805476 0.260831 
0.80649 0.259586 
0.807478 0.258373 
0.808434 0.257197 
0.809372 0.256044 
0.810286 0.254919 
0.811171 0.25383 
0.812039 0.252763