0.854295 0.0810788 
0.853196 0.081974 
0.851918 0.083035 
0.850405 0.0843138 
0.848616 0.0858551 
0.846503 0.0877104 
0.843967 0.0899838 
0.840923 0.0927706 
0.837278 0.0961849 
0.83284 0.100444 
0.827446 0.105762 
0.820915 0.112396 
0.812895 0.120813 
0.8031 0.131481 
0.791238 0.144939 
0.776772 0.162105 
0.759382 0.183767 
0.738901 0.210601 
0.714963 0.243584 
0.687869 0.282718 
0.658392 0.327024 
0.627196 0.375306 
0.59581 0.424672 
0.565886 0.471836 
0.538396 0.514691 
0.514506 0.551097 
0.494846 0.580034 
0.479266 0.601779 
0.467628 0.616537 
0.459442 0.62485 
0.453886 0.627348 
0.450118 0.624322 
0.447071 0.615969 
0.443439 0.602086 
0.437817 0.582416 
0.428862 0.556775 
0.415412 0.524651 
0.3973 0.486434 
0.375762 0.443418 
0.353017 0.396976 
0.332494 0.349866 
0.317342 0.304835 
0.309234 0.263104 
0.308293 0.225624 
0.312026 0.192157 
0.314431 0.16103 
0.304514 0.130809 
0.268634 0.100637 
0.202189 0.0712687 
0.128467 0.0465176 
0.0793297 0.0294712 
0.0594183 0.0194026 
0.06102 0.0139077 
0.0815904 0.0108478 
0.125309 0.00896881 
0.195199 0.00769447 
0.284523 0.00674783 
0.378803 0.00598533 
0.462229 0.00534931 
0.527068 0.00481016 
0.573883 0.00434317 
0.769138 0.0303136 
0.775386 0.032604 
0.780037 0.0347206 
0.783046 0.0365869 
0.784399 0.0381456 
0.784085 0.039383 
0.782031 0.0402746 
0.778156 0.0408215 
0.772231 0.0410498 
0.76399 0.0409881 
0.753084 0.0406826 
0.738766 0.0401809 
0.720224 0.0395416 
0.696433 0.038831 
0.665576 0.0381058 
0.625968 0.0374396 
0.576195 0.0369076 
0.514792 0.0365791 
0.443387 0.0365361 
0.367326 0.0368552 
0.293778 0.0376214 
0.231751 0.0389195 
0.186925 0.0408276 
0.160073 0.0434566 
0.150351 0.0468378 
0.155899 0.0508446 
0.174538 0.0551779 
0.202192 0.0592123 
0.2322 0.0622602 
0.2581 0.0638982 
0.275374 0.0640102 
0.283094 0.0628249 
0.282748 0.0606908 
0.276507 0.0579792 
0.266634 0.0550083 
0.254835 0.0519587 
0.242638 0.0489947 
0.231349 0.0462285 
0.221982 0.043689 
0.215816 0.0414364 
0.214253 0.0395127 
0.219049 0.0379204 
0.232583 0.0366939 
0.257746 0.035854 
0.298451 0.0353974 
0.357646 0.0353207 
0.434705 0.0355866 
0.524284 0.0361328 
0.613744 0.0368629 
0.690131 0.0376577 
0.747554 0.0384134 
0.785093 0.0390325 
0.805556 0.0394559 
0.812456 0.0396699 
0.808102 0.0396843 
0.79422 0.0395336 
0.77176 0.0392579 
0.741822 0.0389 
0.705921 0.0385 
0.66525 0.0380837 
0.506078 0.454647 
0.515315 0.477815 
0.524268 0.500561 
0.532855 0.522603 
0.54101 0.543698 
0.548815 0.564004 
0.556205 0.583316 
0.56313 0.601474 
0.569665 0.618662 
0.57576 0.634749 
0.58138 0.649644 
0.58659 0.663536 
0.591353 0.676349 
0.595644 0.688039 
0.599518 0.698777 
0.602949 0.708522 
0.605923 0.717258 
0.608479 0.725126 
0.610601 0.732105 
0.612286 0.738193 
0.613559 0.743495 
0.614413 0.748001 
0.614853 0.751715 
0.614891 0.754708 
0.61453 0.756973 
0.613785 0.758521 
0.612656 0.759387 
0.611158 0.759571 
0.609313 0.759088 
0.607114 0.757941 
0.604587 0.756137 
0.601765 0.753698 
0.598636 0.7506 
0.595237 0.746859 
0.591614 0.742509 
0.587751 0.737503 
0.583697 0.731873 
0.57951 0.725666 
0.575172 0.71882 
0.570745 0.711385 
0.566293 0.70343 
0.561802 0.69488 
0.557338 0.685807 
0.552971 0.676301 
0.548689 0.666282 
0.544561 0.655844 
0.540651 0.645093 
0.536953 0.633946 
0.53353 0.622512 
0.530437 0.61091 
0.527672 0.599049 
0.525287 0.587047 
0.52332 0.575025 
0.521773 0.562883 
0.520682 0.550737 
0.520065 0.538701 
0.519929 0.526667 
0.520286 0.514742 
0.521136 0.503028 
0.522486 0.49141 
0.593254 0.651263 
0.585785 0.674921 
0.578132 0.697993 
0.570384 0.720136 
0.562629 0.741066 
0.554817 0.760911 
0.547037 0.779454 
0.539377 0.796548 
0.531784 0.812383 
0.524345 0.826866 
0.517137 0.839959 
0.510107 0.851873 
0.503331 0.862593 
0.496873 0.87214 
0.490681 0.880707 
0.484817 0.888313 
0.479329 0.894998 
0.474169 0.900918 
0.469383 0.906098 
0.465007 0.910577 
0.460995 0.914467 
0.457381 0.91779 
0.454187 0.920577 
0.451377 0.922899 
0.44897 0.924774 
0.446977 0.92622 
0.445372 0.92728 
0.444165 0.92796 
0.443354 0.928275 
0.442925 0.928238 
0.442877 0.92785 
0.443201 0.92712 
0.443893 0.926036 
0.444944 0.924596 
0.446336 0.922804 
0.448076 0.920626 
0.450147 0.918056 
0.452523 0.915095 
0.455222 0.911687 
0.458217 0.907825 
0.461476 0.90351 
0.465026 0.898662 
0.468833 0.893276 
0.472858 0.887358 
0.477135 0.880805 
0.481623 0.873619 
0.48628 0.865818 
0.491142 0.857278 
0.496166 0.848018 
0.501303 0.838077 
0.506596 0.827318 
0.511996 0.815786 
0.517452 0.803554 
0.523011 0.79048 
0.52862 0.776649 
0.534228 0.762178 
0.539884 0.746927 
0.545537 0.73103 
0.551135 0.714647 
0.556728 0.697651 
0.67899 0.266985 
0.679725 0.267999 
0.680538 0.269144 
0.681434 0.270422 
0.682412 0.271831 
0.683492 0.273395 
0.684677 0.275116 
0.685967 0.276992 
0.687386 0.279056 
0.688935 0.281308 
0.690614 0.283746 
0.69245 0.28641 
0.694444 0.2893 
0.696591 0.292408 
0.698926 0.295783 
0.701445 0.299419 
0.704137 0.303301 
0.707043 0.307483 
0.710151 0.311947 
0.713445 0.316664 
0.716965 0.321688 
0.720692 0.326978 
0.724595 0.332483 
0.728716 0.338241 
0.73302 0.34418 
0.737462 0.350212 
0.742078 0.356342 
0.746815 0.362453 
0.751615 0.36841 
0.756501 0.374173 
0.761405 0.379572 
0.766256 0.384436 
0.771068 0.388668 
0.775766 0.392076 
0.780276 0.394486 
0.784609 0.395772 
0.788696 0.39578 
0.792479 0.394409 
0.795975 0.391569 
0.799139 0.387236 
0.801945 0.381474 
0.804424 0.3743 
0.806566 0.365894 
0.80838 0.356519 
0.809909 0.346317 
0.811169 0.335628 
0.812182 0.324824 
0.812985 0.314073 
0.813584 0.303718 
0.813981 0.294056 
0.814163 0.285162 
0.814092 0.277234 
0.813706 0.270393 
0.812913 0.264587 
0.811594 0.259845 
0.809611 0.256129 
0.806758 0.253309 
0.802822 0.251296 
0.797582 0.249964 
0.790674 0.249153 