0.14815 0.4011 
0.14815 0.401083 
0.148151 0.401064 
0.148151 0.401042 
0.148152 0.401018 
0.148153 0.40099 
0.148154 0.400959 
0.148155 0.400923 
0.148156 0.400883 
0.148158 0.400837 
0.14816 0.400785 
0.148161 0.400725 
0.148164 0.400658 
0.148166 0.40058 
0.148169 0.400493 
0.148172 0.400392 
0.148176 0.400277 
0.14818 0.400146 
0.148184 0.399995 
0.14819 0.399822 
0.148196 0.399625 
0.148203 0.399397 
0.148212 0.399134 
0.148221 0.398833 
0.148232 0.398484 
0.148245 0.39808 
0.14826 0.397614 
0.148277 0.39707 
0.148297 0.396437 
0.14832 0.395702 
0.148348 0.394836 
0.14838 0.393819 
0.148418 0.392627 
0.148463 0.391207 
0.148517 0.389516 
0.148581 0.387507 
0.148659 0.385075 
0.148754 0.382128 
0.148869 0.378554 
0.149012 0.37413 
0.149192 0.368635 
0.149417 0.361785 
0.149707 0.353052 
0.150085 0.341852 
0.150581 0.327432 
0.151254 0.308464 
0.152179 0.283512 
0.15347 0.251013 
0.155332 0.209017 
0.15806 0.157773 
0.162094 0.102035 
0.168173 0.0516778 
0.177191 0.0186739 
0.189929 0.00459325 
0.206597 0.000802659 
0.225359 0.000126643 
0.242674 2.53116e-05 
0.255809 7.85642e-06 
0.264009 3.86129e-06 
0.268407 2.65338e-06 
0.270557 2.21186e-06 
0.272271 1.91938e-06 
0.272271 1.91938e-06 
0.272271 1.91938e-06 
0.272271 1.91938e-06 
0.272271 1.91938e-06 
0.272271 1.91938e-06 
0.272271 1.91939e-06 
0.272271 1.91939e-06 
0.272271 1.91939e-06 
0.272272 1.9194e-06 
0.272272 1.9194e-06 
0.272272 1.91941e-06 
0.272272 1.91942e-06 
0.272273 1.91943e-06 
0.272273 1.91944e-06 
0.272274 1.91945e-06 
0.272275 1.91947e-06 
0.272276 1.91949e-06 
0.272277 1.91951e-06 
0.272279 1.91955e-06 
0.272281 1.91959e-06 
0.272283 1.91964e-06 
0.272286 1.9197e-06 
0.27229 1.91978e-06 
0.272295 1.91988e-06 
0.272302 1.92e-06 
0.27231 1.92018e-06 
0.272322 1.9204e-06 
0.272337 1.92071e-06 
0.272358 1.92114e-06 
0.272388 1.92174e-06 
0.272432 1.9226e-06 
0.272496 1.9239e-06 
0.272595 1.92588e-06 
0.27275 1.92899e-06 
0.273004 1.93407e-06 
0.273429 1.94263e-06 
0.274161 1.95741e-06 
0.275476 1.98419e-06 
0.277897 2.03421e-06 
0.282423 2.13037e-06 
0.291113 2.32502e-06 
0.307672 2.73521e-06 
0.337832 3.63375e-06 
0.388181 5.69069e-06 
0.457092 1.01862e-05 
0.527759 1.82489e-05 
0.582263 2.87755e-05 
0.615502 3.83213e-05 
0.633126 4.48571e-05 
0.641962 4.87556e-05 
0.6462 5.10218e-05 
0.648151 5.25209e-05 
0.648971 5.38353e-05 
0.649172 5.53329e-05 
0.648984 5.73055e-05 
0.648488 6.00893e-05 
0.647695 6.40551e-05 
0.646588 6.96692e-05 
0.645116 7.76991e-05 
0.507301 0.503092 
0.506363 0.518725 
0.505425 0.534303 
0.504496 0.549682 
0.503581 0.564724 
0.502672 0.579563 
0.501774 0.594062 
0.500897 0.608091 
0.500029 0.621779 
0.49918 0.635 
0.498355 0.647643 
0.497547 0.659828 
0.496764 0.671449 
0.496011 0.682416 
0.495283 0.69284 
0.494586 0.702635 
0.493927 0.711733 
0.4933 0.720233 
0.492712 0.728066 
0.492168 0.735185 
0.491664 0.741668 
0.491207 0.747465 
0.490801 0.75254 
0.490443 0.75695 
0.49014 0.760653 
0.489894 0.763626 
0.489704 0.765894 
0.489576 0.767423 
0.489511 0.768195 
0.48951 0.768202 
0.489576 0.767416 
0.489709 0.765825 
0.489912 0.763384 
0.490185 0.760075 
0.490526 0.7559 
0.490939 0.750784 
0.49142 0.744731 
0.491963 0.737772 
0.492573 0.729821 
0.493242 0.720929 
0.493961 0.711185 
0.494731 0.700522 
0.49554 0.689068 
0.496376 0.676994 
0.497239 0.664279 
0.498114 0.651141 
0.498985 0.637828 
0.499852 0.624361 
0.500699 0.611012 
0.501512 0.598052 
0.50229 0.585508 
0.50302 0.573633 
0.503691 0.562641 
0.504304 0.552528 
0.504852 0.543461 
0.505328 0.535557 
0.505736 0.528764 
0.506073 0.52315 
0.506337 0.518734 
0.506533 0.515436 
0.494185 0.707011 
0.493863 0.711427 
0.493491 0.716474 
0.493064 0.722213 
0.492574 0.728693 
0.492007 0.736078 
0.491355 0.744412 
0.490611 0.753701 
0.489756 0.764099 
0.488782 0.77556 
0.487687 0.787962 
0.48645 0.801354 
0.485074 0.815493 
0.483569 0.830049 
0.481923 0.844891 
0.480161 0.859582 
0.478317 0.873669 
0.476402 0.886977 
0.474468 0.899127 
0.472571 0.909851 
0.470736 0.919172 
0.469017 0.927008 
0.467456 0.93339 
0.466052 0.938521 
0.464813 0.942512 
0.463726 0.945514 
0.462741 0.947723 
0.461814 0.949256 
0.460891 0.95022 
0.459901 0.950703 
0.458795 0.950737 
0.457548 0.950327 
0.456147 0.949432 
0.45465 0.94798 
0.453181 0.945881 
0.451899 0.942982 
0.451037 0.939147 
0.450831 0.934258 
0.451484 0.92812 
0.453138 0.920656 
0.45582 0.911874 
0.459507 0.901692 
0.464051 0.890268 
0.469233 0.877866 
0.474911 0.864589 
0.480857 0.850801 
0.486868 0.836885 
0.492883 0.822951 
0.498772 0.809321 
0.504443 0.796257 
0.509936 0.783728 
0.515206 0.771892 
0.520235 0.76084 
0.525101 0.750434 
0.529802 0.740707 
0.53434 0.731656 
0.538801 0.723108 
0.543192 0.715044 
0.547516 0.707432 
0.551855 0.700105 
0.764471 0.243746 
0.761412 0.24279 
0.75812 0.242276 
0.754629 0.242244 
0.750984 0.242722 
0.747168 0.24375 
0.743235 0.245359 
0.739245 0.247561 
0.735194 0.25041 
0.731154 0.253912 
0.727203 0.258051 
0.723353 0.262881 
0.719694 0.268369 
0.716315 0.274452 
0.713247 0.281166 
0.710585 0.288422 
0.708415 0.296099 
0.706781 0.304199 
0.705764 0.312571 
0.705422 0.321043 
0.705798 0.329583 
0.706929 0.338002 
0.708818 0.346109 
0.711488 0.353862 
0.714908 0.361078 
0.71901 0.367602 
0.723783 0.37341 
0.729125 0.378378 
0.734906 0.382422 
0.74109 0.385554 
0.747532 0.387729 
0.754074 0.388946 
0.760684 0.389242 
0.767215 0.388645 
0.77353 0.387214 
0.779621 0.384993 
0.785377 0.382051 
0.790707 0.378482 
0.795633 0.374314 
0.800089 0.369635 
0.804034 0.364546 
0.807506 0.35905 
0.810479 0.353236 
0.812945 0.347199 
0.814946 0.340917 
0.81648 0.334474 
0.817562 0.32795 
0.818225 0.321306 
0.818482 0.314614 
0.818357 0.307947 
0.817872 0.301249 
0.817049 0.294586 
0.815917 0.288017 
0.814484 0.281482 
0.812777 0.275035 
0.810829 0.268729 
0.808635 0.2625 
0.806225 0.256394 
0.803633 0.250456 
0.800844 0.244621