Weights before training:
Layer: 0
-0.0152927 -0.14935 0.110995 0.0440733 -0.0296156 0.133673 0.187304 -0.0867924 -0.156906 0.197344 
Layer: 1
0.0877394 0.00630332 0.170656 0.0665192 -0.184827 -0.190225 0.0645088 -0.103075 0.0450059 -0.039226 
0.136346 -0.170287 0.0114243 0.0473406 0.0737865 0.181809 -0.0189863 0.0610907 -0.104984 0.0241074 
0.0584344 -0.0717529 0.0318326 -0.0780166 0.00191149 0.0772871 0.00616171 -0.177263 0.0249362 0.080868 
0.0811559 -0.0873244 -0.112829 0.0518117 0.179195 -0.097656 0.0615868 0.0437036 -0.000730691 -0.0934073 
-0.195522 -0.0643849 -0.0636941 0.015902 0.182956 -0.189908 -0.0022893 -0.0360306 0.0711831 0.0927271 
0.188077 -0.0703825 -0.179026 0.0199094 0.0516009 0.0228856 -0.102803 -0.142237 0.0456226 0.122133 
0.138631 -0.0732215 -0.165192 -0.174198 0.17859 -0.185997 -0.071854 0.040177 0.0577068 0.127415 
0.14677 0.0621844 -0.13697 -0.116924 -0.121914 -0.154014 -0.106832 0.0757971 0.00995553 0.164351 
-0.0314758 -0.00196764 -0.106031 -0.0105017 -0.182058 0.145569 -0.187616 -0.0848617 -0.196668 0.0580066 
-0.162729 0.141963 0.184785 -0.127921 0.167765 0.163375 -0.113917 -0.104089 0.00355217 0.143789 
Layer: 2
0.0909164 0.128382 -0.0596695 0.184885 -0.0821201 -0.0417278 0.130454 -0.0697361 0.0734106 0.133786 
0.18827 0.110682 0.075749 0.173056 0.182761 0.0435137 0.136431 -0.131156 0.139424 -0.0600171 
-0.187367 0.16275 0.0903047 0.0186069 -0.150893 -0.0762979 -0.0973329 -0.0185506 -0.149732 0.0625245 
-0.0762525 0.141184 -0.0090939 0.064078 0.126069 0.108786 -0.17765 0.0565232 -0.16095 0.0957608 
-0.00969045 -0.17268 0.00644249 -0.133941 -0.199624 -0.0107964 0.109572 0.136807 0.0580473 0.0489967 
-0.12321 0.0706804 0.0117471 0.167094 -0.110713 0.060854 -0.109204 -0.00804554 -0.157697 -0.0589361 
-0.145521 -0.0339491 -0.117752 0.0453851 -0.169871 -0.191683 -0.0458289 -0.147521 0.0648399 -0.00677898 
0.14824 -0.144851 0.0205414 -0.0453176 -0.078792 0.0209173 0.143886 -0.16922 -0.042276 0.00193336 
0.0797769 0.0345135 -0.127386 -0.108476 0.00160774 -0.0380989 0.152378 0.0924041 0.153856 0.194681 
-0.166532 -0.191665 -0.0392677 -0.0842841 0.0537196 -0.00913883 -0.0759674 -0.192109 0.0433403 0.188872 
Layer: 3
-0.155978 -0.178347 
0.146263 -0.03477 
0.0425705 0.0901487 
-0.00398976 -0.199706 
-0.107918 -0.124213 
0.034808 -0.0353042 
-0.0326888 -0.163584 
0.126597 -0.0803108 
0.12882 0.0804525 
-0.0856295 0.162288 

Begin Training
Error: 0.00162526; Iterations: 100000
Error: 0.00152372; Iterations: 200000
Error: 0.000931184; Iterations: 300000
Error: 0.000384675; Iterations: 400000
Error: 0.000348311; Iterations: 500000
Error: 0.000329313; Iterations: 600000
Error: 0.00032556; Iterations: 700000
Error: 0.000320748; Iterations: 800000
Error: 0.000317923; Iterations: 900000
Error: 0.000316408; Iterations: 1000000
Error: 0.000314291; Iterations: 1100000
Error: 0.00031043; Iterations: 1200000
Error: 0.000304659; Iterations: 1300000
Error: 0.000299119; Iterations: 1400000
Error: 0.000294766; Iterations: 1500000
Error: 0.000291975; Iterations: 1600000
Error: 0.000290027; Iterations: 1700000
Error: 0.00028845; Iterations: 1800000
Error: 0.000286042; Iterations: 1900000
Error: 0.000283331; Iterations: 2000000
Error: 0.000281109; Iterations: 2100000
Error: 0.000274571; Iterations: 2200000
Error: 0.000239321; Iterations: 2300000
Error: 0.000228383; Iterations: 2400000
Error: 0.000217659; Iterations: 2500000
Error: 0.00021426; Iterations: 2600000
Error: 0.000208057; Iterations: 2700000
Error: 0.00019654; Iterations: 2800000
Error: 0.000191009; Iterations: 2900000
Error: 0.000180192; Iterations: 3000000

Weights after training:
Layer: 0
-9.31368 7.4245 38.9935 25.1504 -41.6513 25.5053 100.831 -62.3624 -38.7402 46.3565 
Layer: 1
-2.69732 3.3949 -2.58861 -1.82027 -3.22284 -2.17566 1.98917 6.18428 -2.12566 0.387018 
7.23952 -1.09889 3.76777 1.95755 17.1264 1.02089 1.01583 -2.07058 0.625265 0.56451 
15.271 -5.09698 12.9483 4.44007 3.24731 4.66457 2.79686 -6.84378 5.39574 4.30449 
15.5055 -5.02222 14.6909 3.91012 15.5199 3.61474 0.615454 -4.93957 3.50864 2.23659 
-5.58774 7.68564 -8.01105 -4.42543 -4.93828 3.46389 3.96015 12.1576 -4.64207 3.40678 
0.870061 -17.5841 13.1712 6.25169 3.23714 15.7693 -2.96023 -8.32107 7.62516 -0.756614 
-0.404565 5.15801 -1.59202 0.493437 -0.331134 18.0668 3.02877 -22.1387 -0.229331 15.9041 
-11.4041 7.85834 -15.3233 -23.7042 -4.44865 -5.88335 -4.39732 11.8715 -6.44412 -6.62798 
-22.2574 18.8521 -3.0706 2.73498 -3.32594 -11.447 -28.8588 8.93788 -8.1094 -14.9747 
-2.43347 -44.4824 -0.55206 8.44659 0.34279 23.9343 28.3872 -2.59005 31.0551 9.04996 
Layer: 2
-0.0113252 -24.4557 -1.51316 4.77601 -7.49631 -0.220596 -0.65477 -9.19574 -0.947008 -0.874301 
1.04332 -9.38687 9.82463 -8.75666 -0.332528 -17.8671 13.3856 -8.10168 9.59438 25.5008 
-0.983832 2.64929 -1.04412 1.42727 -5.88376 1.04652 -0.965305 -17.1978 -1.08926 -1.17242 
-39.0102 -44.219 3.9003 -4.30858 -11.3175 32.9781 -13.2647 -2.79168 -7.63305 -53.8247 
-1.31504 -42.4305 -1.07123 -47.5022 20.5643 -3.05392 -1.25361 23.4334 -1.1356 -1.17385 
-2.76429 7.0203 -50.7672 19.5908 -9.03954 -1.03078 -3.34465 -0.977479 -40.4301 17.2187 
-1.49516 -2.11932 -2.59192 1.01401 6.09187 -0.826699 -1.94618 17.5674 -1.72283 -2.02869 
2.17045 -38.4404 1.22798 38.6998 -6.40771 -0.558044 -15.0983 -0.0513705 -9.95432 9.87079 
-1.44433 9.23405 -6.86978 14.8523 -2.48997 -6.80129 5.79498 -1.64594 -1.00956 -14.5249 
-1.31386 -24.8136 -13.1045 -32.9686 13.7681 -13.6955 -12.1268 6.49218 -19.1061 -22.6106 
Layer: 3
-7.2157 5.88283 
3.24351 -11.8302 
-1.14276 -9.70071 
-2.10686 3.32594 
3.95209 -2.90741 
3.08529 11.5831 
-2.91179 -1.11928 
-3.37889 4.15486 
6.37881 -1.10563 
-0.819146 9.36498 

Validation Error:0.00034578
Outputs
0.610903 2.14337e-05 
0.643966 1.98052e-05 
0.698658 1.73656e-05 
0.782469 1.41388e-05 
0.880582 1.12773e-05 
0.947279 1.3358e-05 
0.965804 7.29982e-05 
0.946136 0.00207105 
0.897512 0.0215385 
0.83761 0.0523613 
0.772189 0.0787751 
0.716282 0.104453 
0.688222 0.131046 
0.696917 0.160162 
0.734667 0.19436 
0.780615 0.234199 
0.813982 0.275274 
0.827346 0.312287 
0.822229 0.343535 
0.801298 0.369393 
0.767012 0.391315 
0.721223 0.411121 
0.667253 0.430149 
0.609624 0.44994 
0.552265 0.472773 
0.499838 0.50084 
0.456003 0.535711 
0.422584 0.57759 
0.401311 0.622298 
0.392882 0.661479 
0.397064 0.685681 
0.412476 0.686485 
0.435279 0.66055 
0.459312 0.611157 
0.475912 0.550742 
0.47672 0.495776 
0.456738 0.456186 
0.418163 0.433462 
0.372535 0.421717 
0.333491 0.411776 
0.308669 0.394483 
0.29681 0.362203 
0.293439 0.309983 
0.295387 0.242012 
0.300505 0.174923 
0.306186 0.125468 
0.307042 0.0982486 
0.289895 0.0859155 
0.227314 0.0771267 
0.126626 0.0645695 
0.0649342 0.0549527 
0.0454152 0.0526398 
0.0454225 0.0476576 
0.0752211 0.0240348 
0.162301 0.00791016 
0.249028 0.00456443 
0.308038 0.00397574 
0.361317 0.00387906 
0.421293 0.00379935 
0.491961 0.00361395 
0.573325 0.00331664 
0.661412 8.33078e-05 
0.676136 7.36637e-05 
0.706763 0.000106674 
0.766039 0.000566399 
0.83628 0.00972286 
0.872968 0.051469 
0.881856 0.0619532 
0.877691 0.0478167 
0.86181 0.0368865 
0.830483 0.0321967 
0.782958 0.031312 
0.726232 0.0313564 
0.67204 0.0308101 
0.625234 0.030359 
0.582546 0.0314172 
0.540249 0.0346082 
0.496577 0.039045 
0.450926 0.0423935 
0.404139 0.0420652 
0.356789 0.0376545 
0.308105 0.0312729 
0.258197 0.0259199 
0.208411 0.0238425 
0.161982 0.0268758 
0.126159 0.0374207 
0.108555 0.0542318 
0.11499 0.0635916 
0.148361 0.0563398 
0.199721 0.0463742 
0.254366 0.0419392 
0.303771 0.0415269 
0.341087 0.0424406 
0.356831 0.0428783 
0.341658 0.0418973 
0.295744 0.0399951 
0.233919 0.0397964 
0.179603 0.0441356 
0.150676 0.0498197 
0.150389 0.0499651 
0.172977 0.044913 
0.20998 0.0397489 
0.25492 0.0366516 
0.303839 0.0352744 
0.354364 0.0347643 
0.405164 0.0345466 
0.454111 0.034356 
0.499819 0.0341187 
0.542871 0.0338703 
0.584464 0.0337299 
0.627406 0.0338923 
0.676236 0.0346385 
0.732109 0.0362184 
0.78627 0.0383309 
0.823719 0.0397221 
0.840633 0.0397491 
0.843484 0.0400659 
0.827355 0.0433408 
0.778491 0.0496659 
0.711302 0.0540028 
0.666857 0.059197 
0.527722 0.538681 
0.526672 0.545685 
0.525856 0.553083 
0.525376 0.560794 
0.525346 0.568718 
0.525897 0.576883 
0.527184 0.585164 
0.529355 0.593424 
0.532606 0.601676 
0.537084 0.609793 
0.542876 0.61768 
0.550111 0.625426 
0.558719 0.633046 
0.568458 0.640637 
0.579103 0.648523 
0.590081 0.656963 
0.600671 0.666234 
0.610277 0.676741 
0.618146 0.688594 
0.623726 0.701647 
0.626826 0.715733 
0.627459 0.730208 
0.625993 0.74428 
0.622983 0.757404 
0.619112 0.76889 
0.615068 0.778261 
0.611359 0.785387 
0.608403 0.790111 
0.606422 0.792434 
0.605434 0.79245 
0.605346 0.790239 
0.605933 0.78596 
0.606894 0.779719 
0.607866 0.771735 
0.60846 0.762318 
0.60831 0.751663 
0.607076 0.740177 
0.604519 0.728317 
0.600451 0.716315 
0.594848 0.704572 
0.587853 0.693402 
0.579604 0.682816 
0.570469 0.672912 
0.560918 0.663675 
0.551277 0.654841 
0.542044 0.646271 
0.533661 0.637805 
0.526344 0.629152 
0.520367 0.620219 
0.515876 0.610977 
0.51284 0.601299 
0.511231 0.591287 
0.510924 0.581104 
0.511748 0.570768 
0.513517 0.560501 
0.516014 0.55053 
0.519079 0.540893 
0.522521 0.531791 
0.526163 0.523388 
0.529918 0.515668 
0.544388 0.688584 
0.542642 0.697407 
0.540767 0.706693 
0.53877 0.71639 
0.536661 0.726431 
0.534412 0.736922 
0.532035 0.747787 
0.529546 0.75893 
0.526917 0.770451 
0.524166 0.78224 
0.521315 0.794173 
0.518337 0.806334 
0.515258 0.818585 
0.512107 0.830779 
0.508857 0.842986 
0.50554 0.855049 
0.502188 0.866815 
0.498773 0.878344 
0.495325 0.889482 
0.491873 0.900089 
0.488379 0.910219 
0.484865 0.919736 
0.481352 0.928522 
0.477798 0.936619 
0.474229 0.943913 
0.470684 0.950308 
0.467155 0.955832 
0.46371 0.960401 
0.460407 0.963967 
0.457196 0.966562 
0.45398 0.96817 
0.450502 0.968822 
0.446305 0.968575 
0.441019 0.967477 
0.434651 0.965548 
0.427864 0.962637 
0.422451 0.95839 
0.420868 0.952199 
0.425135 0.943177 
0.435379 0.93081 
0.448996 0.915596 
0.462287 0.898963 
0.472259 0.883078 
0.478184 0.869328 
0.481148 0.857604 
0.482727 0.84721 
0.48437 0.837185 
0.487115 0.826488 
0.491566 0.814454 
0.497976 0.800626 
0.5065 0.784438 
0.517026 0.765695 
0.529276 0.7444 
0.543103 0.720319 
0.558074 0.693778 
0.573682 0.665349 
0.589692 0.635252 
0.605608 0.604341 
0.620978 0.573542 
0.635701 0.543191 
0.750305 0.247333 
0.749496 0.248263 
0.748608 0.249367 
0.747641 0.250656 
0.746596 0.252142 
0.745453 0.253865 
0.744212 0.255842 
0.742876 0.258086 
0.741424 0.260653 
0.739857 0.263564 
0.738183 0.26683 
0.736378 0.270529 
0.734455 0.274676 
0.73243 0.27928 
0.730288 0.284429 
0.728058 0.290126 
0.72578 0.296352 
0.723463 0.303191 
0.721171 0.3106 
0.718983 0.318496 
0.716956 0.326915 
0.715206 0.335713 
0.71386 0.344699 
0.713036 0.3538 
0.712888 0.36274 
0.713552 0.37121 
0.715164 0.379032 
0.717821 0.385865 
0.721552 0.391408 
0.726394 0.395501 
0.732253 0.397942 
0.738941 0.39865 
0.746331 0.397643 
0.754138 0.395014 
0.762042 0.390969 
0.769877 0.385699 
0.777361 0.379494 
0.784265 0.372677 
0.79054 0.365427 
0.796062 0.358015 
0.800775 0.350671 
0.804747 0.343449 
0.807988 0.336491 
0.810546 0.329897 
0.812526 0.323617 
0.81399 0.317699 
0.81501 0.312169 
0.815673 0.306945 
0.816038 0.302039 
0.816167 0.297456 
0.816111 0.293121 
0.815915 0.289042 
0.815617 0.285225 
0.815243 0.281609 
0.814819 0.278207 
0.814368 0.275027 
0.813899 0.272023 
0.813426 0.269206 
0.812961 0.266586 
0.812506 0.264124 
