0.0 0.0 0.057041
0.0 0.0526315789474 0.0722477
0.0 0.105263157895 0.0962203
0.0 0.157894736842 0.13437
0.0 0.210526315789 0.19429
0.0 0.263157894737 0.283624
0.0 0.315789473684 0.403369
0.0 0.368421052632 0.539947
0.0 0.421052631579 0.668566
0.0 0.473684210526 0.769877
0.0 0.526315789474 0.839838
0.0 0.578947368421 0.884563
0.0 0.631578947368 0.912106
0.0 0.684210526316 0.928705
0.0 0.736842105263 0.938348
0.0 0.789473684211 0.943365
0.0 0.842105263158 0.94502
0.0 0.894736842105 0.943905
0.0 0.947368421053 0.940152
0.0 1.0 0.933528
0.0526315789474 0.0 0.0720976
0.0526315789474 0.0526315789474 0.0959822
0.0526315789474 0.105263157895 0.133991
0.0526315789474 0.157894736842 0.193704
0.0526315789474 0.210526315789 0.282782
0.0526315789474 0.263157894737 0.402312
0.0526315789474 0.315789473684 0.53884
0.0526315789474 0.368421052632 0.66761
0.0526315789474 0.421052631579 0.769169
0.0526315789474 0.473684210526 0.839361
0.0526315789474 0.526315789474 0.884253
0.0526315789474 0.578947368421 0.911905
0.0526315789474 0.631578947368 0.928572
0.0526315789474 0.684210526316 0.938257
0.0526315789474 0.736842105263 0.943301
0.0526315789474 0.789473684211 0.944973
0.0526315789474 0.842105263158 0.943871
0.0526315789474 0.894736842105 0.940127
0.0526315789474 0.947368421053 0.93351
0.0526315789474 1.0 0.92344
0.105263157895 0.0 0.095745
0.105263157895 0.0526315789474 0.133614
0.105263157895 0.105263157895 0.19312
0.105263157895 0.157894736842 0.281943
0.105263157895 0.210526315789 0.401256
0.105263157895 0.263157894737 0.537733
0.105263157895 0.315789473684 0.666653
0.105263157895 0.368421052632 0.76846
0.105263157895 0.421052631579 0.838883
0.105263157895 0.473684210526 0.883943
0.105263157895 0.526315789474 0.911704
0.105263157895 0.578947368421 0.928438
0.105263157895 0.631578947368 0.938166
0.105263157895 0.684210526316 0.943236
0.105263157895 0.736842105263 0.944927
0.105263157895 0.789473684211 0.943836
0.105263157895 0.842105263158 0.940102
0.105263157895 0.894736842105 0.933492
0.105263157895 0.947368421053 0.923428
0.105263157895 1.0 0.908963
0.157894736842 0.0 0.133238
0.157894736842 0.0526315789474 0.192538
0.157894736842 0.105263157895 0.281105
0.157894736842 0.157894736842 0.400201
0.157894736842 0.210526315789 0.536625
0.157894736842 0.263157894737 0.665693
0.157894736842 0.315789473684 0.767748
0.157894736842 0.368421052632 0.838403
0.157894736842 0.421052631579 0.883631
0.157894736842 0.473684210526 0.911501
0.157894736842 0.526315789474 0.928304
0.157894736842 0.578947368421 0.938074
0.157894736842 0.631578947368 0.943172
0.157894736842 0.684210526316 0.94488
0.157894736842 0.736842105263 0.943802
0.157894736842 0.789473684211 0.940077
0.157894736842 0.842105263158 0.933474
0.157894736842 0.894736842105 0.923417
0.157894736842 0.947368421053 0.908958
0.157894736842 1.0 0.888744
0.210526315789 0.0 0.191958
0.210526315789 0.0526315789474 0.28027
0.210526315789 0.105263157895 0.399147
0.210526315789 0.157894736842 0.535517
0.210526315789 0.210526315789 0.664732
0.210526315789 0.263157894737 0.767034
0.210526315789 0.315789473684 0.837921
0.210526315789 0.368421052632 0.883319
0.210526315789 0.421052631579 0.911299
0.210526315789 0.473684210526 0.92817
0.210526315789 0.526315789474 0.937983
0.210526315789 0.578947368421 0.943107
0.210526315789 0.631578947368 0.944833
0.210526315789 0.684210526316 0.943768
0.210526315789 0.736842105263 0.940051
0.210526315789 0.789473684211 0.933456
0.210526315789 0.842105263158 0.923405
0.210526315789 0.894736842105 0.908952
0.210526315789 0.947368421053 0.888745
0.210526315789 1.0 0.86103
0.263157894737 0.0 0.279436
0.263157894737 0.0526315789474 0.398094
0.263157894737 0.105263157895 0.534409
0.263157894737 0.157894736842 0.663769
0.263157894737 0.210526315789 0.766319
0.263157894737 0.263157894737 0.837438
0.263157894737 0.315789473684 0.883005
0.263157894737 0.368421052632 0.911095
0.263157894737 0.421052631579 0.928035
0.263157894737 0.473684210526 0.93789
0.263157894737 0.526315789474 0.943042
0.263157894737 0.578947368421 0.944786
0.263157894737 0.631578947368 0.943733
0.263157894737 0.684210526316 0.940026
0.263157894737 0.736842105263 0.933437
0.263157894737 0.789473684211 0.923393
0.263157894737 0.842105263158 0.908946
0.263157894737 0.894736842105 0.888746
0.263157894737 0.947368421053 0.861039
0.263157894737 1.0 0.823813
0.315789473684 0.0 0.397043
0.315789473684 0.0526315789474 0.5333
0.315789473684 0.105263157895 0.662804
0.315789473684 0.157894736842 0.765601
0.315789473684 0.210526315789 0.836952
0.315789473684 0.263157894737 0.88269
0.315789473684 0.315789473684 0.910891
0.315789473684 0.368421052632 0.927899
0.315789473684 0.421052631579 0.937798
0.315789473684 0.473684210526 0.942977
0.315789473684 0.526315789474 0.944739
0.315789473684 0.578947368421 0.943698
0.315789473684 0.631578947368 0.94
0.315789473684 0.684210526316 0.933419
0.315789473684 0.736842105263 0.923381
0.315789473684 0.789473684211 0.908941
0.315789473684 0.842105263158 0.888747
0.315789473684 0.894736842105 0.861048
0.315789473684 0.947368421053 0.82383
0.315789473684 1.0 0.775209
0.368421052632 0.0 0.532191
0.368421052632 0.0526315789474 0.661838
0.368421052632 0.105263157895 0.764881
0.368421052632 0.157894736842 0.836466
0.368421052632 0.210526315789 0.882373
0.368421052632 0.263157894737 0.910685
0.368421052632 0.315789473684 0.927763
0.368421052632 0.368421052632 0.937705
0.368421052632 0.421052631579 0.942912
0.368421052632 0.473684210526 0.944692
0.368421052632 0.526315789474 0.943664
0.368421052632 0.578947368421 0.939975
0.368421052632 0.631578947368 0.933401
0.368421052632 0.684210526316 0.923369
0.368421052632 0.736842105263 0.908935
0.368421052632 0.789473684211 0.888748
0.368421052632 0.842105263158 0.861057
0.368421052632 0.894736842105 0.823848
0.368421052632 0.947368421053 0.775237
0.368421052632 1.0 0.714193
0.421052631579 0.0 0.660869
0.421052631579 0.0526315789474 0.764159
0.421052631579 0.105263157895 0.835977
0.421052631579 0.157894736842 0.882056
0.421052631579 0.210526315789 0.910479
0.421052631579 0.263157894737 0.927627
0.421052631579 0.315789473684 0.937612
0.421052631579 0.368421052632 0.942846
0.421052631579 0.421052631579 0.944644
0.421052631579 0.473684210526 0.943629
0.421052631579 0.526315789474 0.939949
0.421052631579 0.578947368421 0.933382
0.421052631579 0.631578947368 0.923357
0.421052631579 0.684210526316 0.908929
0.421052631579 0.736842105263 0.888749
0.421052631579 0.789473684211 0.861066
0.421052631579 0.842105263158 0.823866
0.421052631579 0.894736842105 0.775265
0.421052631579 0.947368421053 0.714232
0.421052631579 1.0 0.641533
0.473684210526 0.0 0.763435
0.473684210526 0.0526315789474 0.835487
0.473684210526 0.105263157895 0.881738
0.473684210526 0.157894736842 0.910273
0.473684210526 0.210526315789 0.92749
0.473684210526 0.263157894737 0.937519
0.473684210526 0.315789473684 0.94278
0.473684210526 0.368421052632 0.944597
0.473684210526 0.421052631579 0.943594
0.473684210526 0.473684210526 0.939923
0.473684210526 0.526315789474 0.933364
0.473684210526 0.578947368421 0.923345
0.473684210526 0.631578947368 0.908924
0.473684210526 0.684210526316 0.88875
0.473684210526 0.736842105263 0.861074
0.473684210526 0.789473684211 0.823884
0.473684210526 0.842105263158 0.775293
0.473684210526 0.894736842105 0.71427
0.473684210526 0.947368421053 0.64158
0.473684210526 1.0 0.560451
0.526315789474 0.0 0.834995
0.526315789474 0.0526315789474 0.881418
0.526315789474 0.105263157895 0.910065
0.526315789474 0.157894736842 0.927353
0.526315789474 0.210526315789 0.937425
0.526315789474 0.263157894737 0.942714
0.526315789474 0.315789473684 0.944549
0.526315789474 0.368421052632 0.943559
0.526315789474 0.421052631579 0.939897
0.526315789474 0.473684210526 0.933345
0.526315789474 0.526315789474 0.923333
0.526315789474 0.578947368421 0.908918
0.526315789474 0.631578947368 0.888751
0.526315789474 0.684210526316 0.861083
0.526315789474 0.736842105263 0.823902
0.526315789474 0.789473684211 0.775321
0.526315789474 0.842105263158 0.714309
0.526315789474 0.894736842105 0.641628
0.526315789474 0.947368421053 0.560504
0.526315789474 1.0 0.476355
0.578947368421 0.0 0.881097
0.578947368421 0.0526315789474 0.909857
0.578947368421 0.105263157895 0.927215
0.578947368421 0.157894736842 0.937331
0.578947368421 0.210526315789 0.942648
0.578947368421 0.263157894737 0.944501
0.578947368421 0.315789473684 0.943524
0.578947368421 0.368421052632 0.939871
0.578947368421 0.421052631579 0.933327
0.578947368421 0.473684210526 0.923321
0.578947368421 0.526315789474 0.908912
0.578947368421 0.578947368421 0.888752
0.578947368421 0.631578947368 0.861092
0.578947368421 0.684210526316 0.823919
0.578947368421 0.736842105263 0.775349
0.578947368421 0.789473684211 0.714347
0.578947368421 0.842105263158 0.641675
0.578947368421 0.894736842105 0.560558
0.578947368421 0.947368421053 0.47641
0.578947368421 1.0 0.395421
0.631578947368 0.0 0.909648
0.631578947368 0.0526315789474 0.927077
0.631578947368 0.105263157895 0.937237
0.631578947368 0.157894736842 0.942582
0.631578947368 0.210526315789 0.944453
0.631578947368 0.263157894737 0.943488
0.631578947368 0.315789473684 0.939845
0.631578947368 0.368421052632 0.933308
0.631578947368 0.421052631579 0.923308
0.631578947368 0.473684210526 0.908906
0.631578947368 0.526315789474 0.888752
0.631578947368 0.578947368421 0.8611
0.631578947368 0.631578947368 0.823937
0.631578947368 0.684210526316 0.775376
0.631578947368 0.736842105263 0.714385
0.631578947368 0.789473684211 0.641723
0.631578947368 0.842105263158 0.560612
0.631578947368 0.894736842105 0.476466
0.631578947368 0.947368421053 0.395473
0.631578947368 1.0 0.322751
0.684210526316 0.0 0.926938
0.684210526316 0.0526315789474 0.937142
0.684210526316 0.105263157895 0.942515
0.684210526316 0.157894736842 0.944405
0.684210526316 0.210526315789 0.943453
0.684210526316 0.263157894737 0.939819
0.684210526316 0.315789473684 0.933289
0.684210526316 0.368421052632 0.923296
0.684210526316 0.421052631579 0.9089
0.684210526316 0.473684210526 0.888753
0.684210526316 0.526315789474 0.861109
0.684210526316 0.578947368421 0.823954
0.684210526316 0.631578947368 0.775404
0.684210526316 0.684210526316 0.714424
0.684210526316 0.736842105263 0.641771
0.684210526316 0.789473684211 0.560666
0.684210526316 0.842105263158 0.476521
0.684210526316 0.894736842105 0.395525
0.684210526316 0.947368421053 0.322797
0.684210526316 1.0 0.261206
0.736842105263 0.0 0.937047
0.736842105263 0.0526315789474 0.942448
0.736842105263 0.105263157895 0.944357
0.736842105263 0.157894736842 0.943417
0.736842105263 0.210526315789 0.939793
0.736842105263 0.263157894737 0.93327
0.736842105263 0.315789473684 0.923284
0.736842105263 0.368421052632 0.908894
0.736842105263 0.421052631579 0.888754
0.736842105263 0.473684210526 0.861117
0.736842105263 0.526315789474 0.823972
0.736842105263 0.578947368421 0.775432
0.736842105263 0.631578947368 0.714462
0.736842105263 0.684210526316 0.641818
0.736842105263 0.736842105263 0.560719
0.736842105263 0.789473684211 0.476576
0.736842105263 0.842105263158 0.395578
0.736842105263 0.894736842105 0.322843
0.736842105263 0.947368421053 0.261245
0.736842105263 1.0 0.21136
0.789473684211 0.0 0.942381
0.789473684211 0.0526315789474 0.944308
0.789473684211 0.105263157895 0.943382
0.789473684211 0.157894736842 0.939767
0.789473684211 0.210526315789 0.933252
0.789473684211 0.263157894737 0.923271
0.789473684211 0.315789473684 0.908888
0.789473684211 0.368421052632 0.888755
0.789473684211 0.421052631579 0.861126
0.789473684211 0.473684210526 0.82399
0.789473684211 0.526315789474 0.77546
0.789473684211 0.578947368421 0.7145
0.789473684211 0.631578947368 0.641866
0.789473684211 0.684210526316 0.560773
0.789473684211 0.736842105263 0.476632
0.789473684211 0.789473684211 0.39563
0.789473684211 0.842105263158 0.32289
0.789473684211 0.894736842105 0.261283
0.789473684211 0.947368421053 0.211391
0.789473684211 1.0 0.172216
0.842105263158 0.0 0.94426
0.842105263158 0.0526315789474 0.943346
0.842105263158 0.105263157895 0.93974
0.842105263158 0.157894736842 0.933233
0.842105263158 0.210526315789 0.923259
0.842105263158 0.263157894737 0.908882
0.842105263158 0.315789473684 0.888755
0.842105263158 0.368421052632 0.861134
0.842105263158 0.421052631579 0.824007
0.842105263158 0.473684210526 0.775487
0.842105263158 0.526315789474 0.714538
0.842105263158 0.578947368421 0.641913
0.842105263158 0.631578947368 0.560826
0.842105263158 0.684210526316 0.476687
0.842105263158 0.736842105263 0.395683
0.842105263158 0.789473684211 0.322936
0.842105263158 0.842105263158 0.261322
0.842105263158 0.894736842105 0.211422
0.842105263158 0.947368421053 0.17224
0.842105263158 1.0 0.142047
0.894736842105 0.0 0.94331
0.894736842105 0.0526315789474 0.939714
0.894736842105 0.105263157895 0.933214
0.894736842105 0.157894736842 0.923246
0.894736842105 0.210526315789 0.908875
0.894736842105 0.263157894737 0.888756
0.894736842105 0.315789473684 0.861143
0.894736842105 0.368421052632 0.824024
0.894736842105 0.421052631579 0.775515
0.894736842105 0.473684210526 0.714577
0.894736842105 0.526315789474 0.641961
0.894736842105 0.578947368421 0.56088
0.894736842105 0.631578947368 0.476742
0.894736842105 0.684210526316 0.395735
0.894736842105 0.736842105263 0.322982
0.894736842105 0.789473684211 0.26136
0.894736842105 0.842105263158 0.211453
0.894736842105 0.894736842105 0.172264
0.894736842105 0.947368421053 0.142066
0.894736842105 1.0 0.119009
0.947368421053 0.0 0.939687
0.947368421053 0.0526315789474 0.933195
0.947368421053 0.105263157895 0.923234
0.947368421053 0.157894736842 0.908869
0.947368421053 0.210526315789 0.888757
0.947368421053 0.263157894737 0.861151
0.947368421053 0.315789473684 0.824042
0.947368421053 0.368421052632 0.775543
0.947368421053 0.421052631579 0.714615
0.947368421053 0.473684210526 0.642008
0.947368421053 0.526315789474 0.560934
0.947368421053 0.578947368421 0.476797
0.947368421053 0.631578947368 0.395787
0.947368421053 0.684210526316 0.323028
0.947368421053 0.736842105263 0.261399
0.947368421053 0.789473684211 0.211484
0.947368421053 0.842105263158 0.172289
0.947368421053 0.894736842105 0.142084
0.947368421053 0.947368421053 0.119024
0.947368421053 1.0 0.101459
1.0 0.0 0.933175
1.0 0.0526315789474 0.923221
1.0 0.105263157895 0.908863
1.0 0.157894736842 0.888757
1.0 0.210526315789 0.861159
1.0 0.263157894737 0.824059
1.0 0.315789473684 0.77557
1.0 0.368421052632 0.714653
1.0 0.421052631579 0.642056
1.0 0.473684210526 0.560987
1.0 0.526315789474 0.476853
1.0 0.578947368421 0.39584
1.0 0.631578947368 0.323075
1.0 0.684210526316 0.261438
1.0 0.736842105263 0.211515
1.0 0.789473684211 0.172313
1.0 0.842105263158 0.142103
1.0 0.894736842105 0.119038
1.0 0.947368421053 0.101469
1.0 1.0 0.0880574