1.000000 0.500000 0.517508
0.988310 0.607485 0.370638
0.953788 0.709945 0.283599
0.898047 0.802587 0.24437 
0.823693 0.881081 0.240288
0.734204 0.941756 0.269826
0.633764 0.981775 0.343182
0.527069 0.999267 0.475124
0.419109 0.993413 0.652472
0.314931 0.964488 0.808982
0.219406 0.913844 0.898592
0.137002 0.843850 0.936321
0.071571 0.757777 0.945347
0.026173 0.659651 0.930292
0.002931 0.554060 0.871113
0.002931 0.445940 0.730179
0.026173 0.340349 0.537935
0.071571 0.242223 0.399046
0.137002 0.156150 0.347593
0.219406 0.086156 0.375719
0.314931 0.035512 0.489328
0.419109 0.006587 0.67551 
0.527069 0.000733 0.839873
0.633764 0.018225 0.919104
0.734204 0.058244 0.943342
0.823693 0.118919 0.94038 
0.898047 0.197413 0.911644
0.953788 0.290055 0.837919
0.988310 0.392515 0.696952