0.974826 0.504869 
0.972473 0.529723 
0.969666 0.556565 
0.966302 0.585299 
0.962252 0.615725 
0.957357 0.647523 
0.951425 0.680247 
0.944223 0.713331 
0.935477 0.746122 
0.924878 0.777923 
0.912087 0.808058 
0.896762 0.835938 
0.878592 0.861118 
0.857349 0.883332 
0.832943 0.902496 
0.805486 0.918694 
0.775322 0.932133 
0.743028 0.943101 
0.709364 0.951919 
0.675172 0.958909 
0.641256 0.964366 
0.608264 0.968542 
0.576596 0.971641 
0.546361 0.973816 
0.51738 0.975168 
0.48923 0.975741 
0.46133 0.975526 
0.433055 0.974448 
0.403879 0.972361 
0.373532 0.969034 
0.342119 0.964147 
0.31016 0.957303 
0.278492 0.948068 
0.248044 0.936052 
0.219559 0.921027 
0.193389 0.903023 
0.16944 0.882359 
0.147281 0.859566 
0.126372 0.835224 
0.106331 0.809804 
0.0871612 0.783576 
0.0693131 0.756603 
0.053517 0.728818 
0.0404372 0.700127 
0.0303618 0.6705 
0.0231252 0.640021 
0.0182635 0.608882 
0.0152404 0.577343 
0.0136063 0.545671 
0.0130599 0.514095 
0.0134498 0.482774 
0.0147538 0.451813 
0.0170572 0.421249 
0.020535 0.391082 
0.025433 0.361289 
0.0320429 0.331845 
0.0406704 0.302736 
0.0515946 0.273972 
0.065027 0.245609 
0.0810767 0.217755 
0.0997297 0.190594 
0.120848 0.164394 
0.144184 0.139507 
0.169415 0.116348 
0.196174 0.095343 
0.224092 0.0768616 
0.252827 0.0611413 
0.282088 0.0482394 
0.31165 0.0380264 
0.341355 0.0302257 
0.371113 0.0244802 
0.400893 0.0204224 
0.430707 0.0177284 
0.460603 0.0161497 
0.490643 0.0155273 
0.520889 0.0157948 
0.551392 0.0169775 
0.58217 0.019191 
0.613195 0.0226372 
0.644374 0.0275943 
0.675549 0.0343927 
0.706483 0.0433757 
0.736877 0.0548457 
0.766381 0.0690072 
0.794627 0.0859241 
0.821258 0.105502 
0.845962 0.127504 
0.868502 0.151587 
0.888728 0.177356 
0.90659 0.2044 
0.922126 0.232333 
0.935453 0.260808 
0.946743 0.289522 
0.956203 0.318215 
0.964057 0.346663 
0.970527 0.374676 
0.975825 0.402088 
0.980144 0.428759 
0.983653 0.454567