0.974396 0.516183 
0.972916 0.534818 
0.971018 0.556544 
0.968574 0.581568 
0.965414 0.609928 
0.961321 0.641399 
0.95602 0.675411 
0.949173 0.711019 
0.940387 0.746962 
0.929236 0.781828 
0.915302 0.814292 
0.89824 0.843345 
0.877862 0.868418 
0.854205 0.889394 
0.827566 0.906504 
0.798481 0.920188 
0.767652 0.930972 
0.735828 0.939371 
0.703701 0.945843 
0.671811 0.950769 
0.640511 0.95445 
0.60996 0.957117 
0.580152 0.958938 
0.55095 0.960033 
0.522136 0.960478 
0.493452 0.960314 
0.46464 0.95955 
0.435476 0.958161 
0.4058 0.956096 
0.375548 0.953267 
0.344769 0.949554 
0.313642 0.944793 
0.282472 0.938781 
0.251679 0.931265 
0.22176 0.921953 
0.19324 0.910516 
0.166612 0.89661 
0.142281 0.879909 
0.120523 0.860147 
0.101464 0.837173 
0.0850878 0.810999 
0.0712587 0.781833 
0.05976 0.750082 
0.0503313 0.716318 
0.0427025 0.681212 
0.0366183 0.645453 
0.0318547 0.609679 
0.0282264 0.574416 
0.0255908 0.540051 
0.0238483 0.50682 
0.0229441 0.474816 
0.0228704 0.444012 
0.023671 0.414265 
0.0254484 0.385354 
0.0283712 0.357013 
0.0326788 0.328972 
0.0386821 0.301007 
0.0467524 0.272987 
0.0572959 0.244921 
0.0707097 0.216979 
0.0873237 0.189506 
0.107335 0.162982 
0.130751 0.137969 
0.157362 0.115024 
0.186742 0.0946065 
0.218292 0.0770095 
0.251312 0.0623238 
0.285077 0.0504482 
0.318916 0.0411347 
0.352266 0.0340513 
0.384715 0.0288444 
0.416018 0.0251864 
0.4461 0.0228056 
0.475042 0.0214999 
0.503062 0.0211396 
0.530479 0.021664 
0.557669 0.0230764 
0.585019 0.0254395 
0.612869 0.0288718 
0.641462 0.033544 
0.670886 0.0396756 
0.701047 0.0475281 
0.73164 0.0573922 
0.762177 0.0695663 
0.792028 0.0843244 
0.82051 0.101874 
0.846983 0.122307 
0.870941 0.145563 
0.89207 0.171393 
0.910268 0.199371 
0.92562 0.228911 
0.938349 0.259335 
0.948761 0.289934 
0.957195 0.320039 
0.963983 0.349075 
0.969427 0.376593 
0.973789 0.402278 
0.977288 0.425944 
0.980103 0.447516