0.980617 0.495404 
0.977539 0.525448 
0.973899 0.556651 
0.969591 0.588766 
0.964489 0.62148 
0.958451 0.654426 
0.95131 0.687193 
0.942882 0.719342 
0.932963 0.750431 
0.921334 0.780039 
0.907771 0.807795 
0.892057 0.833396 
0.873995 0.856629 
0.853435 0.877374 
0.830294 0.895605 
0.804583 0.911382 
0.776426 0.924831 
0.746077 0.936132 
0.713918 0.94549 
0.680443 0.953125 
0.64622 0.959252 
0.611847 0.964068 
0.577891 0.967745 
0.544832 0.970423 
0.513008 0.972206 
0.482583 0.973157 
0.453527 0.9733 
0.425616 0.972607 
0.398457 0.971002 
0.371541 0.968347 
0.344321 0.964438 
0.316317 0.959 
0.287242 0.951683 
0.257118 0.942077 
0.22635 0.929736 
0.195709 0.914235 
0.166208 0.895247 
0.13889 0.872641 
0.114601 0.846571 
0.0938349 0.817524 
0.0766935 0.786287 
0.0629589 0.753837 
0.052216 0.72117 
0.0439751 0.689131 
0.0377603 0.658287 
0.0331595 0.628879 
0.0298427 0.60083 
0.0275628 0.573816 
0.0261474 0.547337 
0.0254897 0.520807 
0.0255409 0.493627 
0.0263056 0.465274 
0.0278416 0.435354 
0.0302621 0.403681 
0.033741 0.370333 
0.0385178 0.335683 
0.0448988 0.300389 
0.05325 0.26533 
0.063973 0.231485 
0.0774613 0.19978 
0.0940333 0.170953 
0.113855 0.145464 
0.136872 0.123478 
0.162776 0.104906 
0.191031 0.0894811 
0.220944 0.0768386 
0.251782 0.0665842 
0.282879 0.0583392 
0.313719 0.0517672 
0.34398 0.0465847 
0.373542 0.0425629 
0.402465 0.0395247 
0.430952 0.0373394 
0.459301 0.0359183 
0.48786 0.0352107 
0.516977 0.0352021 
0.546945 0.0359131 
0.577955 0.0374016 
0.610046 0.0397646 
0.643066 0.0431426 
0.676663 0.047723 
0.710297 0.0537417 
0.743294 0.0614816 
0.774935 0.071263 
0.804548 0.0834242 
0.8316 0.0982892 
0.85575 0.116123 
0.876867 0.137081 
0.895005 0.161156 
0.910361 0.188148 
0.923218 0.217655 
0.933899 0.249099 
0.942729 0.281783 
0.950012 0.314963 
0.956017 0.347924 
0.960977 0.38004 
0.965085 0.41081 
0.9685 0.439871 
0.971352 0.466996